NoOfEntities:    150
NoOfRooms:       92
NoOfFloors:      3
NoOfConstraints: 263
NoOfHardConstraints: 67
NoOfSoftConstraints: 196

ENTITIES
      0      0          23
      1      0          23
      2      0          14
      3      0          14
      4      0          14
      5      0          14
      6      0          14
      7      0          14
      8      0          14
      9      0          14
     10      1          15
     11      1          15
     12      1          15
     13      1          15
     14      1          15
     15      1          15
     16      1          15
     17      1          15
     18      1          15
     19      1          15
     20      1          15
     21      1          15
     22      1          15
     23      1          15
     24      1          15
     25      1          15
     26      1          15
     27      1          15
     28      1          15
     29      1          15
     30      2        20.5
     31      2        30.5
     32      2        24.5
     33      2          20
     34      2        29.5
     35      2          24
     36      2        18.5
     37      2          15
     38      2          27
     39      2        28.5
     40      2        21.5
     41      2        19.5
     42      2        22.5
     43      2        26.5
     44      2          21
     45      2        22.5
     46      2          17
     47      2        28.5
     48      2        25.5
     49      2        29.5
     50      2          18
     51      2        15.5
     52      2        29.5
     53      2        15.5
     54      2        26.5
     55      3        16.5
     56      3        20.5
     57      3        26.5
     58      3        16.5
     59      3        24.5
     60      4        21.5
     61      4          18
     62      4        29.5
     63      4        29.5
     64      4        24.5
     65      4          23
     66      4        29.5
     67      4          29
     68      4        15.5
     69      4        30.5
     70      5        24.5
     71      5        24.5
     72      5        24.5
     73      5        18.5
     74      5        18.5
     75      5        18.5
     76      5        18.5
     77      5        18.5
     78      5        18.5
     79      5        18.5
     80      5        18.5
     81      5        18.5
     82      5          15
     83      5          15
     84      5          15
     85      6        18.5
     86      6        15.5
     87      6        15.5
     88      6        17.5
     89      6          23
     90      6        20.5
     91      6          20
     92      6        15.5
     93      6          15
     94      6          20
     95      6          22
     96      6        26.5
     97      6        15.5
     98      6        21.5
     99      6          17
    100      7        20.5
    101      7        20.5
    102      7        20.5
    103      7        20.5
    104      7        20.5
    105      7        20.5
    106      7        20.5
    107      7        20.5
    108      7        20.5
    109      7        20.5
    110      7        20.5
    111      7        20.5
    112      7        20.5
    113      7        20.5
    114      7        20.5
    115      8        16.5
    116      8        29.5
    117      8          15
    118      8          30
    119      8          26
    120      8          16
    121      8        22.5
    122      8          24
    123      8          17
    124      8        25.5
    125      8        18.5
    126      8        16.5
    127      8          15
    128      8        22.5
    129      8        27.5
    130      9        25.5
    131      9        25.5
    132      9        25.5
    133      9          12
    134      9          10
    135      9           8
    136      9           8
    137      9         5.5
    138      9         5.5
    139      9         5.5
    140      9         5.5
    141      9         5.5
    142      9         5.5
    143      9         5.5
    144      9         5.5
    145      9         5.5
    146      9         5.5
    147      9         5.5
    148      9         5.5
    149      9         5.5

ROOMS
      0      0          15      2   1   2
      1      0          30      2   0   2
      2      0          15      4   0   1   3   4
      3      0          73      3   2   4   5
      4      0          40      4   2   3   5   6
      5      0         5.5      5   3   4   6   7   8
      6      0        17.8      5   4   5   7   8   9
      7      0          67      5   5   6   8   9  10
      8      0         5.5      6   5   6   7   9  10  11
      9      0        14.6      4   6   7   8  10
     10      0         5.5      6   7   8   9  11  12  13
     11      0          27      5   8  10  12  13  14
     12      0        19.7      4  10  11  13  14
     13      0        56.3      4  10  11  12  14
     14      0          24      4  11  12  13  15
     15      0        19.1      2  14  16
     16      0        30.5      2  15  17
     17      0          15      2  16  18
     18      0        20.5      3  17  19  20
     19      0        38.5      2  18  20
     20      0        18.5      4  18  19  21  22
     21      0        25.5      3  20  22  23
     22      0         5.5      4  20  21  23  24
     23      0          20      5  21  22  24  25  26
     24      0          65      5  22  23  25  26  27
     25      0         5.5      5  23  24  26  27  28
     26      0        18.5      5  23  24  25  27  28
     27      0        12.6      5  24  25  26  28  29
     28      0        24.5      4  25  26  27  29
     29      0          26      4  27  28  30  31
     30      0        20.5      2  29  31
     31      0        20.5      3  29  30  32
     32      0        20.5      2  31  33
     33      0          71      1  32
     34      1        15.7      2  35  36
     35      1        56.5      2  34  36
     36      1          62      4  34  35  37  38
     37      1        24.7      3  36  38  39
     38      1          16      4  36  37  39  40
     39      1        13.5      4  37  38  40  42
     40      1        22.5      4  38  39  41  42
     41      1       127.5      3  40  42  43
     42      1        20.5      6  39  40  41  43  44  45
     43      1          15      4  41  42  44  45
     44      1          40      3  42  43  45
     45      1        26.5      5  42  43  44  46  47
     46      1        36.4      3  45  47  48
     47      1        14.1      5  45  46  48  49  50
     48      1          54      4  46  47  49  50
     49      1          15      5  47  48  50  51  52
     50      1        14.7      6  47  48  49  51  52  53
     51      1        37.5      5  49  50  52  53  54
     52      1        84.5      5  49  50  51  53  54
     53      1          67      5  50  51  52  54  55
     54      1        20.5      6  51  52  53  55  56  57
     55      1        15.7      5  53  54  56  57  58
     56      1          24      4  54  55  57  58
     57      1        61.5      4  54  55  56  58
     58      1        20.1      5  55  56  57  59  60
     59      1        22.5      3  58  60  61
     60      1        28.2      4  58  59  61  62
     61      1        29.5      4  59  60  62  63
     62      1        11.4      3  60  61  63
     63      1          15      2  61  62
     64      2        11.9      2  65  66
     65      2          12      4  64  66  67  68
     66      2          23      5  64  65  67  68  69
     67      2        11.8      4  65  66  68  69
     68      2        16.7      6  65  66  67  69  70  71
     69      2        16.3      5  66  67  68  70  71
     70      2        20.5      4  68  69  71  73
     71      2          30      6  68  69  70  72  73  74
     72      2          23      3  71  73  74
     73      2        11.3      5  70  71  72  74  75
     74      2          41      5  71  72  73  75  76
     75      2          23      4  73  74  76  77
     76      2          14      4  74  75  77  78
     77      2        11.9      5  75  76  78  79  80
     78      2        57.2      4  76  77  79  80
     79      2         180      3  77  78  80
     80      2          13      5  77  78  79  81  83
     81      2          15      4  80  82  83  84
     82      2          15      3  81  83  84
     83      2        20.5      6  80  81  82  84  85  86
     84      2          24      5  81  82  83  85  86
     85      2          15      5  83  84  86  87  88
     86      2          14      6  83  84  85  87  88  89
     87      2          60      4  85  86  88  89
     88      2          14      5  85  86  87  89  90
     89      2        41.2      4  86  87  88  90
     90      2          14      3  88  89  91
     91      2          14      1  90

CONSTRAINTS
      0      0      0     94     23
      1      0      0      4     64
      2      0      0     38     35
      3      0      0    146      7
      4      0      0     32     44
      5      0      0     35     51
      6      0      0     16     62
      7      0      0     83      1
      8      0      0     53     44
      9      0      0      2     86
     10      0      0     40     78
     11      0      0     78      7
     12      0      0    133     16
     13      0      0     74      9
     14      0      0    143     19
     15      0      0     87     24
     16      0      0      6     76
     17      0      0    122     56
     18      0      0    128     40
     19      0      0     90     31
     20      0      0    103     69
     21      0      0    121     53
     22      0      0     66     79
     23      0      0     15     81
     24      0      0     30     54
     25      0      0      0     72
     26      0      0     30     54
     27      0      0     60     79
     28      0      0     70     33
     29      0      0     85     24
     30      0      0    115     35
     31      0      0    130     12
     32      1      0      3     69
     33      1      0      6     77
     34      1      0    149      2
     35      1      0    125     91
     36      1      0     47     52
     37      1      0     93     38
     38      1      0     15     72
     39      1      0    129     49
     40      1      0      1     13
     41      1      0    132     91
     42      3      1     33     -1
     43      3      1      0     -1
     44      3      0     77     -1
     45      3      0     51     -1
     46      3      0     82     -1
     47      3      0     44     -1
     48      4      0     11     17
     49      4      0     91     95
     50      4      0    126    118
     51      4      0     85     92
     52      4      0     78     80
     53      4      0     68     64
     54      4      0    113    111
     55      4      0     40     44
     56      4      0     66     67
     57      4      0    108    111
     58      4      0    135    149
     59      4      0     64     60
     60      4      0     60     62
     61      4      0     19     29
     62      4      0     84     83
     63      4      0    119    127
     64      4      0     83     84
     65      4      0    114    108
     66      4      0     57     55
     67      4      0     27     24
     68      4      0     60     67
     69      4      0    136    140
     70      4      0     42     40
     71      4      0     57     55
     72      4      0     69     62
     73      5      0     56    102
     74      5      0     57    110
     75      5      0    120    104
     76      5      0    129    148
     77      5      0     55     14
     78      5      0     43    120
     79      5      0     55     67
     80      5      0     85    126
     81      5      0    132    117
     82      5      0     44    146
     83      6      1    122     -1
     84      6      1    130     -1
     85      6      1     65     -1
     86      6      1      4     -1
     87      6      1     18     -1
     88      6      1      1     -1
     89      6      1     36     -1
     90      6      1     26     -1
     91      6      1     30     -1
     92      6      1     59     -1
     93      6      1     94     -1
     94      6      1     58     -1
     95      6      1      9     -1
     96      6      1     20     -1
     97      6      1    109     -1
     98      6      1     63     -1
     99      6      1     16     -1
    100      6      1    148     -1
    101      6      1    102     -1
    102      6      1      5     -1
    103      6      1     13     -1
    104      6      1      3     -1
    105      6      1     45     -1
    106      6      1     89     -1
    107      6      1    137     -1
    108      6      1     93     -1
    109      6      1      0     -1
    110      6      1     74     -1
    111      6      1    138     -1
    112      6      1     34     -1
    113      6      1    112     -1
    114      6      1     12     -1
    115      6      1     28     -1
    116      6      1      8     -1
    117      6      1      2     -1
    118      6      1     81     -1
    119      6      1     79     -1
    120      6      1    131     -1
    121      6      1     14     -1
    122      6      1     25     -1
    123      6      1    107     -1
    124      6      1    106     -1
    125      6      1     22     -1
    126      6      1     23     -1
    127      6      1      6     -1
    128      6      1    128     -1
    129      6      1    110     -1
    130      6      1    145     -1
    131      6      1    103     -1
    132      6      1      7     -1
    133      6      1    147     -1
    134      6      1    101     -1
    135      6      1    105     -1
    136      6      1     43     -1
    137      6      1     10     -1
    138      6      1     90     -1
    139      6      1     56     -1
    140      6      1     15     -1
    141      6      1     21     -1
    142      6      1    104     -1
    143      7      1    144    139
    144      7      0    117    122
    145      7      0     41     43
    146      7      0     26     21
    147      7      0     55     57
    148      7      0     79     78
    149      7      0     72     75
    150      7      0     71     74
    151      7      0     75     81
    152      7      0     25     22
    153      8      0      0      1
    154      8      0      0      2
    155      8      0      0      3
    156      8      0      0      4
    157      8      0      0      5
    158      8      0      0      6
    159      8      0      0      7
    160      8      0      0      8
    161      8      0      0      9
    162      8      0     30     31
    163      8      0     30     32
    164      8      0     30     33
    165      8      0     30     34
    166      8      0     30     35
    167      8      0     30     36
    168      8      0     30     37
    169      8      0     30     38
    170      8      0     30     39
    171      8      0     30     41
    172      8      0     30     43
    173      8      0     30     44
    174      8      0     30     45
    175      8      0     30     46
    176      8      0     30     47
    177      8      0     30     48
    178      8      0     30     49
    179      8      0     30     50
    180      8      0     30     51
    181      8      0     30     52
    182      8      0     30     53
    183      8      0     30     54
    184      8      0     60     61
    185      8      0     60     62
    186      8      0     60     63
    187      8      0     60     64
    188      8      0     60     65
    189      8      0     60     66
    190      8      0     60     67
    191      8      0     60     68
    192      8      0     60     69
    193      8      0     70     71
    194      8      0     70     72
    195      8      0     70     73
    196      8      0     70     74
    197      8      0     70     75
    198      8      0     70     76
    199      8      0     70     77
    200      8      0     70     78
    201      8      0     70     79
    202      8      0     70     80
    203      8      0     70     81
    204      8      0     70     82
    205      8      0     70     83
    206      8      0     70     84
    207      8      0     85     86
    208      8      0     85     87
    209      8      0     85     88
    210      8      0     85     89
    211      8      0     85     90
    212      8      0     85     92
    213      8      0     85     93
    214      8      0     85     94
    215      8      0     85     96
    216      8      0     85     97
    217      8      0     85     98
    218      8      0     85     99
    219      8      0    115    116
    220      8      0    115    117
    221      8      0    115    120
    222      8      0    115    121
    223      8      0    115    122
    224      8      0    115    123
    225      8      0    115    124
    226      8      0    115    125
    227      8      0    115    126
    228      8      0    115    128
    229      8      0    115    129
    230      8      0    130    131
    231      8      0    130    132
    232      8      0    130    133
    233      8      0    130    134
    234      8      0    130    137
    235      8      0    130    138
    236      8      0    130    139
    237      8      0    130    141
    238      8      0    130    142
    239      8      0    130    143
    240      8      0    130    144
    241      8      0    130    145
    242      8      0    130    146
    243      8      0    130    147
    244      8      0    130    148
    245      8      0    130    149
    246      9      1     56    144
    247      9      1     32      8
    248      9      1     66     84
    249      9      1      9     81
    250      9      0    113    139
    251      9      0     78      3
    252      9      0     53    116
    253      9      0     67    100
    254      9      0     74     39
    255      9      0    139     55
    256      9      0     68    117
    257      9      0     74    123
    258      9      0    113     57
    259      9      0     89     57
    260      9      0     98    149
    261      9      0     44    149
    262      9      0     55     61
